4225
3921
178
3177
7359
2123
9007
3528
6230
8567
4541
5614
5427
802
183
4125
1030
3400
9663
3676
1794
9826
5920
1785
8483
2306
4815
6550
187
7516
2046
5934
7697
6682
2788
3908
2068
1654
2265
6334
6537
9402
9490
7687
3130
9261
8834
3000
734
2403
6497
9730
8479
3
7340
3448
1126
1260
5313
4422
2157
1623
6943
5787
6392
9736
3274
2625
1707
3014
3226
5648
4163
9035
403
2696
9790
9942
5004
4744
7700
1463
4618
4456
8602
1385
1754
6293
1968
8012
9519
6317
6905
6772
7448
4860
9789
1016
8572
8346
3312
1279
808
4730
3623
3380
3224
7935
560
4624
7357
5650
6322
1866
6704
4670
6320
8438
1817
9899
1244
9135
1768
3030
4382
7530
1465
6860
8539
8400
5576
8747
5432
6173
1454
6498
2939
1080
4540
9802
817
5013
6877
5848
1498
222
3182
144
8485
2006
7904
7078
6167
9038
3479
9638
8781
7595
439
57
927
9956
5226
3428
7846
2241
1964
6061
3867
2544
6982
6420
386
5876
7133
7282
4434
1166
9757
5341
4046
4812
2817
4810
534
1233
5731
6976
7123
2658
1247
1729
8410
3652
9039
2010
8560
9525
6286
9187
7333
6778
418
9603
9187
1943
9901
5480
7494
6812
1092
6330
525
8090
2109
1014
4200
5750
4068
2985
9188
5865
7297
5231
8137
4420
2748
6346
2
290
4004
1108
450
8713
70
384
7035
1556
4263
392
7975
843
95
5994
5466
8216
755
2408
8852
8238
1813
7844
8518
5
841
3553
4527
1613
1807
2224
3218
4194
3365
2165
9738
8427
7955
7677
6429
8863
3235
8048
9545
2940
1574
4042
7359
2750
6326
4761
1712
9278
4589
6786
6093
4993
1372
3840
1221
6604
7912
9361
4227
1867
4330
6477
7262
4351
2831
6948
4722
3328
2642
2987
9786
867
5028
4296
3223
8939
7231
4701
5099
7237
1817
4246
4481
2705
4781
4420
2837
4136
6967
2585
6092
4358
1465
1961
744
8029
6113
8597
4266
7349
8157
2442
5121
726
5499
7848
4715
8950
9857
7843
3358
766
6721
3915
2162
9981
572
6126
1194
1519
2598
6763
3839
3637
4540
7694
7874
4622
7955
5538
4445
2201
2070
4161
7620
8940
7132
3217
9912
6487
9439
8210
7258
9128
2760
9832
2054
6962
3406
8951
5223
9214
1360
3254
3998
6273
5982
3044
240
1289
5863
1724
3082
1201
1
647
3236
2256
2150
5076
4945
6659
460
5118
5017
3224
6512
6451
3241
1894
4148
603
86
5413
218
5708
3869
1860
1227
6375
3546
8144
5911
4586
5465
2501
5106
4070
2337
960
1312
2857
5021
941
4333
3746
4895
1170
8346
169
5337
5236
7483
8268
2756
2478
8529
9541
600
9904
9260
5745
8850
9442
1287
3864
2645
4395
1877
4866
3266
4999
2202
2570
6099
3785
2062
8042
1061
1833
3776
5982
6376
9952
2853
8256
2803
7315
5092
4114
6853
7246
5300
1774
1034
2303
4231
3056
4626
7941
6360
1809
6840
6233
5687
3959
1163
2845
4196
7454
4881
440
3154
5190
1177
9051
657
2429
9744
5255
70
7676
2309
7687
4861
4863
4307
4134
7033
7794
4123
8553
671
7138
5735
9326
3170
9727
1913
2225
3388
25
6005
5259
6832
4707
8309
5986
5113
2680
4313
8948
2377
4623
69
2890
672
8315
3089
9112
3532
7087
3341
224
3467
2810
2244
5782
4229
9899
5386
7444
4302
7562
8270
556
1474
1188
9496
5454
5560
3611
870
7143
7095
1167
2249
8648
6339
7685
2260
4451
337
4633
3830
1212
7085
661
5783
8058
3537
3273
5596
1931
7494
8913
885
807
5867
8623
2862
256
1604
9424
6563
4982
1153
2061
9010
6755
9276
9986
1796
7994
663
1792
6343
456
3165
5802
2945
5577
6760
2822
3941
1572
5655
8981
4194
8580
1373
8662
1753
5772
6056
8702
2055
818
3784
4806
4776
1918
2498
9937
4171
4757
6122
6940
6832
7293
1739
2298
6876
1366
609
8287
387
8184
9110
1008
7326
9218
9689
1477
2345
1507
3392
3333
1090
4333
1979
8752
1808
5950
9366
4036
6127
7625
7465
7023
8196
980
8647
1296
3509
6989
8945
7025
3351
898
2738
2456
8936
1268
1334
5436
1596
377
1996
6432
1583
7777
9550
7945
4349
7911
4708
4046
554
9221
2431
546
6115
6262
7755
9593
3985
7565
8370
3380
5592
2644
5852
4962
3073
8253
2414
4155
4459
549
7113
7179
7160
519
1122
978
3172
8885
3586
6710
2871
7515
1197
8919
8787
1417
4740
4240
3960
567
4979
5980
2527
1473
7730
8353
4229
7010
9768
208
3039
2279
8987
51
9948
5411
711
3143
934
1397
3443
6438
9972
8687
6664
1876
9009
7092
7075
2107
6471
8823
5979
1868
9161
5828
1957
609
210
1754
1316
4515
6286
544
4930
3235
2189
3311
218
484
7626
3790
604
793
8614
1037
2155
4098
158
5911
9236
1638
6389
6836
5372
7341
2556
8347
1818
8743
6458
3983
1460
9034
4916
4366
1491
4160
973
7444
2314
8455
3721
8120
7065
3443
3305
1657
1675
6177
4754
5106
5346
2457
5351
8601
7009
5138
9934
9044
7964
4332
8801
7707
6081
1193
5836
659
2038
9681
9469
9543
77
5766
8943
2935
7751
3264
942
3963
9589
6875
3672
8763
3000
1356
7813
6985
2006
9139
667
9309
848
9973
8916
4438
5071
3336
2997
9398
9634
6256
2164
9955
3778
3598
9695
8925
4691
731
3581
930
411
5586
3800
983
9587
3425
5471
419
1527
3482
9635
2484
8436
865
9264
1561
212
4654
1336
3467
2663
2210
7689
9006
3021
7366
8554
819
3564
8635
6114
7403
6272
5091
2292
9126
8345
652
1349
4325
3209
5412
3667
7980
7291
1406
6596
9287
9314
6828
1036
3366
4301
5872
9241
8201
9158
7303
4805
8987
2841
9444
3046
6483
7168
2715
5244
7900
2132
1459
2563
3059
9978
6474
8247
4559
7604
3632
7282
4406
5630
4007
708
2127
9791
1691
7677
2229
8570
9154
1263
2562
4454
3906
8453
9242
3452
2648
6576
3181
9599
4302
534
3077
7362
9266
1576
2542
6990
9701
7998
9897
8183
9071
6796
4320
7101
6168
5843
7836
3841
8961
9781
6151
3329
8831
1870
1454
7000
2634
5680
1751
6212
2092
4922
7124
1398
7063
2086
2801
7514
8646
3290
8835
6578
1152
6867
2935
5535
8001
9753
308
4377
7699
7220
4748
9457
7624
3312
3193
9194
937
7590
1020
6608
6831
3243
7
8083
7075
1966
2461
864
2513
9940
829
8416
614
7110
7731
7822
1415
4232
1696
816
4741
9248
6512
2962
1710
5463
1277
3921
6234
7250
8208
4747
7254
664
5972
7679
1619
9505
9434
4191
515
3485
7045
1557
2519
2414
533
9031
4105
4156
1710
9234
5750
6315
2558
2826
1752
4939
9514
6493
3842
5194
4653
685
386
9507
1941
9471
8552
3947
9429
2702
2074
8286
5643
2815
615
9795
6028
768
7059
3708
3908
1929
2285
8817
7845
7086
5899
7275
5833
1107
7883
8714
5973
782
3342
1910
9370
8909
4499
3996
4529
2511
1010
980
1844
1341
2668
4213
6472
5328
5094
8676
1791
1774
4305
7306
1259
8330
6030
2428
9304
4304
6278
4791
9502
2255
2083
7097
8805
3624
4299
5865
6646
2965
8270
7139
4465
5696
6634
8893
5184
6527
7759
7389
9165
2873
7490
7198
7845
6941
7474
458
8869
5071
4560
4638
5249
3341
7237
4194
8249
3289
6232
5263
3437
9753
1551
649
3269
5788
1866
3517
5353
609
9752
1760
3189
8407
765
9751
8245
7385
7877
6975
1668
4264
1219
9823
3262
6937
2910
9880
7551
9700
3982
4175
4184
2371
9296
7342
9087
7852
1482
7869
7642
4690
7305
750
2735
5846
5038
3704
8692
6642
9498
1053
4708
6420
7069
662
6591
9674
5494
6075
9263
8417
7983
1660
9063
4807
7507
3359
8881
3064
7598
7768
344
1919
3791
4749
5381
2766
9328
9038
7533
7012
3563
344
8114
8179
8453
4177
169
2327
2970
6201
7878
2267
845
1140
9715
9414
4379
6618
1763
6914
7049
3664
8338
2916
6524
6813
636
8783
9888
2904
4308
3039
843
65
1359
9534
9429
7321
979
617
6478
5345
984
3476
5479
700
5143
5361
11
6778
4218
1007
670
7246
1359
5340
9782
8854
9795
9510
7933
7180
5581
395
6886
1367
5733
3779
6124
25
8453
1922
77
9980
3477
4312
5438
7240
8073
6119
2030
7571
4542
321
5650
6950
4434
9226
7609
1744
6044
428
7650
7007
5078
1018
407
440
9655
8367
8346
7546
5673
4092
1791
1318
6425
2337
1723
6168
9963
4136
2186
9103
1610
7724
1826
1860
641
1711
617
3814
1271
8337
7879
7535
6939
5739
6203
9251
2207
3783
7813
9531
3599
7464
8035
9540
1491
8217
563
1259
2751
9214
8724
3273
5361
3037
3862
208
1424
2842
3586
4417
4059
2651
701
925
1836
3607
2617
8746
43
933
2069
7701
3358
7621
5616
2541
4264
9141
5026
6611
5560
9836
8953
6686
1861
1450
2866
5018
1352
5679
9224
6441
8616
2958
2797
3253
5347
2480
3671
6849
2397
3069
7283
6818
613
2599
8897
7115
9992
3548
5824
2752
5162
3264
6401
4052
1014
9278
8100
8656
6083
8529
5210
1190
7655
3169
2472
76
2844
7065
9763
4009
6120
4622
5160
5839
1041
6880
939
2656
2073
113
1740
145
2229
5049
9853
4241
2748
3385
4530
6976
4024
4571
8397
1677
2209
1420
6368
6307
5453
5869
7485
7813
1353
730
8683
1835
275
9249
5282
9596
8284
9106
7359
8134
8631
1454
8097
2613
7699
1666
1092
5909
5411
1065
6570
817
2577
6393
6752
1043
271
3190
328
391
4314
8485
572
9328
9716
9409
5687
6168
9299
631
1026
2212
2583
6810
7065
9505
915
2070
2952
7625
1023
2884
1102
2895
3060
3833
3583
4003
10000
6097
9525
4700
5661
6563
572
2207
1058
3324
7593
3850
5774
1184
331
719
2082
6846
9102
7554
7349
5458
1688
8251
7621
5215
4105
3577
3889
7670
4986
7028
6613
826
6720
9199
4949
7970
4156
9925
3005
8872
208
247
6056
9583
5264
3206
8627
1988
4727
7326
942
6439
9202
4301
1628
5318
9944
2840
5474
749
27
8746
1103
6061
9656
6821
6509
8238
7393
2374
4409
5816
5665
6927
920
1695
7843
3818
5444
2093
3783
6156
7195
5340
7045
2726
413
4390
8893
4893
5955
4216
3298
8541
3452
8206
6655
7394
333
6358
2064
6799
1919
5490
6212
6494
6382
741
9404
9209
9776
7307
1303
8991
3215
4278
3056
5189
5003
4478
7416
3954
8136
3054
793
7392
1347
6573
4142
9959
5308
3877
9533
687
704
5128
1387
311
3330
8515
95
2686
9296
9308
5418
4521
6290
4514
8415
4535
1233
3752
4538
6643
8929
918
8925
4851
5548
4300
1896
8700
7565
2317
6007
3142
2575
3503
2130
8047
6584
2875
2813
2214
7303
676
3850
7786
3465
8142
894
2785
7522
146
4191
5586
6560
5629
7650
6158
2832
7122
8753
5035
5187
7073
3598
3474
1324
5604
5992
5183
8815
5156
1136
9956
8995
8553
7347
3055
3359
700
5886
8379
5431
3587
3961
4523
9975
1314
6917
8915
8106
4522
4130
834
6584
4568
8735
1941
3388
4912
1502
3250
5292
6459
9367
3595
4050
90
3993
8581
9723
167
5029
9462
4788
190
6111
2880
7784
6806
3440
6033
7229
1831
4999
3153
6050
7969
7396
4387
1882
8268
9995
7743
6987
8650
4036
6616
1441
4964
8934
2616
4430
379
3519
194
5183
8446
1707
2050
16
250
8770
8474
1952
9103
4548
4057
2001
679
3451
9223
1591
8586
6937
5751
4538
3113
1406
9525
692
3399
6899
2283
8849
5351
7537
3921
7678
6626
6878
9684
2768
1100
3030
2136
3466
8256
2698
6143
8176
4631
7206
2104
4183
6867
5856
2830
4188
1279
555
8761
8443
4254
5181
1264
1772
9393
7751
7964
244
5630
1718
288
8785
3148
5724
5305
6893
9850
5441
4881
8077
2782
6786
5575
4201
1017
9901
3383
9396
7097
2706
7711
2069
7791
7071
7565
9391
7575
5269
2885
9636
9511
4004
3132
1925
3517
7795
1097
1052
8185
8347
8308
7735
5979
6198
1184
1010
7646
4630
8396
2352
8780
9496
8287
1902
258
4370
450
3516
8209
7142
9316
7875
5571
3224
2206
4382
261
6139
3243
6327
9357
858
9796
9995
6
5642
4049
8540
8126
6081
2217
5883
4436
383
5690
587
5523
7661
6622
2754
8698
9045
8166
2100
3062
4482
9265
7569
9605
1543
2719
7342
9991
2473
3304
3643
9515
630
6910
7603
5422
9442
1749
7732
4524
4739
2536
1146
4877
5591
9206
229
3575
665
4891
1417
3321
9250
6141
7865
2414
4631
139
4106
8570
8448
6113
4768
6623
330
2737
2059
6742
7977
1904
9127
5480
9125
8458
4686
8588
7683
8910
9099
6823
6995
691
8794
3147
3744
2697
373
4345
7248
2406
8373
7114
8128
8251
6772
8185
8659
4452
5703
6893
9270
9362
9557
9184
1641
6132
9497
8568
6731
5070
1881
6838
6759
5751
9223
2339
8014
370
2321
6351
8941
9379
5854
3747
8156
2476
6383
2678
4274
5538
7097
4494
9368
6503
5765
7392
3624
4238
8594
8415
9365
6991
1342
9296
4304
4300
822
8373
6671
8015
2956
4211
5106
6310
8159
5232
521
6399
4250
5463
8811
3548
7974
9124
4606
4483
662
2178
2197
6342
678
5110
8262
4618
4333
6910
8965
4735
8689
4465
4977
3658
1215
2975
7733
4552
2991
1912
9295
9210
9927
7690
3026
5749
888
7767
456
3325
3412
2020
9159
2207
3966
3948
6693
1902
6738
7058
8914
7877
880
9168
3143
3463
1298
3471
4763
9326
9880
8400
7279
5780
9483
3572
3142
3070
3446
1968
7155
6695
9768
2182
2514
9892
9065
2249
2791
4336
9310
2726
8245
4957
9324
4989
7103
6707
840
6395
3482
7115
6038
4919
7563
75
822
2522
1943
9664
5900
1859
1813
9687
6765
399
475
3971
8451
2463
6927
1288
7173
9209
341
8423
8308
9781
9792
14
9229
1962
2222
907
8055
6432
3962
8879
4283
7397
3322
5403
2123
9807
4067
6749
15
4602
416
8228
8466
6288
4079
2074
7563
1214
5556
7143
4964
7512
7533
5244
5645
4087
8510
7487
5759
6248
3945
5661
347
7053
1157
7495
6096
7452
8101
9713
3687
4698
7482
651
3259
8367
6398
1709
8422
4045
3836
7485
7797
4585
9801
5139
9878
5636
6157
9045
4924
9036
9908
7152
8022
5381
2960
6997
5606
3611
1885
4495
2899
426
9673
2051
553
2409
9880
2371
2771
81
8946
171
8789
4448
3920
7575
8095
7899
2912
5998
1028
8428
6126
7732
889
24
698
9305
6006
4709
9886
942
2051
8607
2739
5801
1466
398
8187
3773
2316
2166
478
3357
4956
4216
7784
3623
1141
1326
8545
5358
606
7524
1097
1748
222
4010
7747
5899
3324
3241
928
6143
1581
4711
873
2538
206
6267
5044
3966
9440
6751
5675
9301
2682
2531
4690
4101
3213
5049
8658
52
9719
2596
709
2061
8784
3829
1014
7566
2742
8530
3924
493
4501
2139
997
2765
4987
5125
1997
5049
7265
9058
5052
2014
3196
4010
9331
4992
2515
8847
1067
6409
8963
6829
5344
8525
4478
976
698
9222
1479
3516
6458
7034
1192
9810
3725
8884
240
4011
1601
8965
4066
5501
1777
8079
3792
2983
894
6761
1534
9592
4141
7781
5666
1791
6181
9885
9967
8196
8741
4613
7584
2275
3503
2092
9108
9589
7215
3639
7836
4873
7406
3363
8119
6948
213
3916
256
2006
1591
4919
5364
8830
8512
7193
4573
6183
1579
1099
7546
8864
617
2642
2231
6631
6209
7498
5472
6428
5797
3746
6706
2514
1425
6938
9585
5836
4121
470
7695
4817
8715
1759
2736
7914
5299
2473
4218
6954
4570
7790
5507
2474
4268
849
5925
5419
5373
9763
4023
4506
6692
2411
5071
1648
6273
5018
4757
7003
2335
976
1786
5471
726
6770
258
932
2347
373
2130
4416
2320
3221
8634
789
3959
8484
8041
6821
4933
8821
1739
9971
185
199
1893
7615
9812
6126
9947
425
363
5595
6865
4859
4678
8381
9057
6447
6694
2262
1873
2260
9901
6442
2711
4499
377
7846
5458
4189
2582
2605
3188
7029
2961
2878
3859
4771
6525
4598
4830
4063
7180
8278
4536
9281
7914
7995
243
8583
7188
7528
3026
6553
2042
6723
7940
8379
3639
6938
3756
2599
801
6215
1006
5664
4202
2723
2423
8654
6945
7983
3174
2946
84
8507
3584
4382
1097
3563
2956
1211
9798
9251
178
9691
8410
2117
6006
7484
5173
2009
1362
8807
9125
4510
1464
8162
8541
2017
2025
5459
2196
8029
2228
2245
2339
4773
688
9659
1580
8642
7139
3234
9580
4782
9974
9010
3633
716
9944
313
2299
5752
3177
9647
4548
5514
6973
3122
6997
5524
1686
524
9570
4260
3696
9251
655
3404
2684
9792
5418
3663
7339
523
1903
9349
8731
5549
2751
3454
1960
6132
1589
9315
5819
385
2075
8648
9140
4570
8925
3669
7101
6766
276
2451
1669
1992
6580
9409
7680
8085
3538
5005
2820
2202
8594
2593
131
119
7054
9515
8785
6051
6774
5499
6815
8274
4854
3656
435
7963
9378
6234
6503
1939
7159
406
3597
2421
2325
8014
1431
2763
3229
3667
7056
6142
8297
7271
3621
4893
5667
5938
7072
3104
1056
6682
5936
2514
9968
7434
7460
4327
2702
8504
4879
5837
871
5206
9284
2895
6646
5354
6101
4744
432
2219
9426
3427
3414
6628
3973
406
5274
6233
3970
9933
3105
4594
8460
8542
575
6818
6628
4090
5947
229
7655
9011
1762
3639
8917
5352
7432
4500
2481
7570
1979
3176
1802
1283
7588
2488
1468
1738
128
2097
3574
6630
1884
5193
2164
1912
6928
7941
2803
4289
7080
681
4379
5548
6469
1844
4746
7039
945
150
9941
9468
1339
8352
394
6353
91
9292
8682
6823
917
1786
7254
105
4528
6793
1947
5432
7499
6954
6232
6176
381
5529
6830
4693
556
2925
8398
5169
1192
6639
7514
6476
8964
5165
8017
976
5006
4352
8468
1845
2530
8576
4272
2817
5500
6356
2578
8061
4862
9054
9465
2673
8061
9220
9606
8665
9757
1710
7825
10000
2843
9446
2350
3785
3134
5378
2308
3323
2001
5520
7696
9341
3927
9050
4421
3567
170
7612
1473
3896
9961
5602
572
6785
8789
4410
9031
8317
3801
8004
3223
9476
5176
1621
4552
1629
6320
7126
1598
7415
8561
8059
8065
8325
6711
8246
1583
2790
5305
5561
331
6911
6140
8259
7344
3844
3179
5451
7855
9772
5222
1803
8285
874
7366
6807
4409
4042
8520
80
2934
4813
8055
2310
5857
9010
2220
3589
258
9241
5098
4985
8188
6021
4915
5306
1647
1205
3407
274
1640
3763
8520
4990
9827
1796
9383
1046
3455
5305
5068
859
1734
6982
7937
6708
5325
2493
7502
4148
2174
7885
3581
8552
7366
2980
8238
6012
3198
956
3743
9784
5733
5875
7952
9421
2456
1748
3134
2603
7491
7708
4586
6856
8537
8530
4161
8169
4790
7687
5187
2476
1881
2017
5618
2041
162
2888
1843
8486
6528
1510
5638
6949
364
2334
528
3094
1731
6138
4389
7501
5570
3
2031
477
9409
5834
3493
3473
8885
5514
4739
4657
2072
588
4679
6641
4145
4319
7731
9155
3533
3000
7535
139
9978
2660
8565
1220
9442
1898
1490
4381
2039
2069
7438
6335
5118
6654
9614
8796
7924
6399
4428
6249
9889
5505
3148
2736
5077
6077
600
5412
653
4287
7867
6273
5010
6398
4772
3766
485
4527
7003
709
1536
2302
3053
5826
6533
2692
9791
9186
6154
2123
9856
5319
859
359
8393
768
7938
1555
5756
719
3225
9529
5025
9035
3064
9945
9684
9467
9942
1562
6810
7041
2684
85
3334
6171
6599
2412
1228
6591
8973
3728
5550
8872
5899
3518
6904
3529
5374
14
2598
446
1969
4779
4404
7637
5450
7292
6541
2394
1403
6684
3109
6046
3561
5169
540
3141
6256
1736
3638
4624
7106
399
3869
1621
6069
1177
2166
5432
4775
9292
4997
4450
6305
4771
6342
6979
2374
9328
5161
2741
7676
2639
3954
2866
6940
8512
1363
7778
2435
5103
7522
8228
5155
6339
7504
7988
6535
7964
527
5492
6401
8243
2568
7100
5256
7535
8721
8213
2265
8850
9065
8813
7853
1837
3869
3020
1251
4984
5374
7380
6090
4671
6173
6803
1176
5397
2397
2785
5463
1310
619
1120
4545
9578
9510
3649
6134
6269
1564
9764
121
4517
5103
3870
9333
2754
1072
4332
8696
4057
3520
7428
3731
8979
858
3453
2308
4187
4829
3623
2330
6107
9618
9733
1120
2658
1947
2913
6058
4084
4927
6510
6131
7604
6885
5401
341
8320
4029
5221
2046
344
5853
453
3894
9230
7440
9222
997
5590
2469
4798
4678
3559
661
552
2440
708
4319
4849
7926
2355
3655
667
7638
3944
4267
2536
8734
6135
6677
4031
2953
1066
7129
857
9391
1345
4696
9530
8404
5886
1062
9936
7360
5931
7407
7133
4812
1599
3624
7147
3681
5329
2393
9782
4049
1082
5127
9433
8542
3871
5703
1224
5350
9572
9219
5667
6894
7357
9917
6537
1162
5488
9094
8214
5512
2541
6133
5012
8464
7191
6195
3172
7296
8609
3450
4511
347
7031
1869
2886
9736
7580
1232
6346
3597
4898
9509
3109
9286
2592
6250
6268
6507
4084
4495
9821
9324
892
5900
1624
4961
463
8469
4301
4405
4838
9198
6973
8736
3310
4405
1218
889
5349
8140
8800
8341
6533
9843
5569
2095
8248
9472
5310
5166
9827
7151
8636
1278
5148
1459
1936
2591
4400
3532
8923
4511
9106
9866
9366
9189
1298
7767
6416
1601
6605
4818
2694
1858
9179
813
9674
1721
6634
6351
4828
4531
3267
8815
4049
453
2534
2375
9439
8107
2808
327
9292
9705
7742
9882
1925
8125
9548
398
8975
4955
8620
2758
7240
7671
1634
6379
2293
3718
5687
610
3089
5968
7358
4578
5290
4849
4686
8209
1695
6140
5526
5495
7322
3118
6333
1982
451
6900
7353
6478
8276
9744
853
6140
42
6454
5423
1371
3772
9359
4786
2655
8492
1091
7214
9926
2900
3910
3995
8386
2276
7529
2091
624
5981
9552
9719
8591
6684
8241
5947
8180
1348
8086
5549
6821
26
3236
8434
3512
3222
22
9337
8635
4326
8431
7895
3279
105
5492
6209
6230
7700
430
1479
41
6554
1349
6567
1589
3593
6999
5364
4927
8513
9919
5995
5176
3124
6151
4822
6823
3571
755
7463
1727
5847
4146
5616
1190
4155
4653
4909
8845
9241
9676
3913
3830
377
3098
5314
7536
4010
8600
973
9891
4368
6090
585
4900
8264
3633
6478
8379
5309
926
9142
5499
6230
1574
1603
3343
5091
7664
2049
4603
2570
3497
8445
4530
6929
8859
2447
8852
8127
3782
7793
7083
3784
7074
4528
8221
7133
7641
4102
2625
3972
4816
8550
1635
7369
2009
8861
4837
9885
8590
4318
6371
9302
3828
9541
2637
4865
8919
8598
2256
286
4603
447
1013
6957
5583
3739
3341
4915
1595
9112
494
2347
7774
7829
3809
2545
881
131
2561
2951
3155
301
1966
505
31
4706
5501
7315
4042
2004
7158
6168
4124
3119
6659
3599
4124
3609
4655
5438
7889
3481
8737
4083
4913
4512
4414
8484
9542
660
8105
1644
2836
4896
987
6235
457
4372
8891
5901
4511
47
8283
3335
368
37
6796
5316
4684
4971
857
857
4615
2988
1593
3918
4904
132
9382
1786
6209
8018
2530
8039
1556
8061
7682
290
776
8307
1452
526
349
3639
6412
4084
3441
8302
8043
346
598
2750
3821
1471
1805
775
4399
8448
3407
4012
956
1587
4134
8044
3552
8487
5147
5274
5536
8468
3336
8809
5747
1727
7393
5042
1116
1952
7417
1761
9253
4950
4204
986
7752
8607
5071
9308
398
7566
2524
5023
2160
5474
8353
9459
890
4171
2125
2838
3922
2161
2098
5595
4426
421
838
3144
2633
8323
7667
8749
8544
7100
9799
3028
5072
5611
7771
6081
6206
8827
8849
5598
4040
4734
9781
172
6206
6597
2540
1672
10000
9438
8220
173
8989
558
4926
1972
1726
6974
8039
8753
5769
9903
2716
3497
6106
7063
7250
6732
3049
6981
4665
8647
3153
9171
9129
7935
5114
9823
4050
8642
2876
9196
6257
1886
5453
2251
5078
6369
5939
2911
7500
92
2346
43
1897
2171
7614
4975
1846
7186
5629
7231
8618
3643
469
8508
9851
9461
4632
1376
3010
5240
1304
7826
5486
7950
8638
9335
4675
7160
769
8120
1500
2536
1738
7305
5703
6466
7291
5807
4341
1335
8236
2169
6231
5596
2387
8771
3326
4459
9556
7340
4759
9800
2748
5707
6251
8388
4221
7141
3018
6934
8699
691
3008
9967
1494
2165
2681
486
2521
1486
6898
3735
8375
7843
1882
9470
6139
7430
8262
2190
6401
9089
5977
8451
7576
3648
4908
5647
4370
8730
5098
3824
5912
9242
5594
7844
1359
2681
6106
452
9729
1984
6390
511
3578
308
5685
393
4529
8587
5350
5638
6514
552
1642
4700
9251
1332
5579
5186
3518
8016
5067
9728
720
4964
5539
3956
2744
2567
3245
5871
7776
1791
193
814
4674
9249
9660
9623
7890
685
1091
6874
7703
7845
3593
706
657
7934
1689
8788
4087
6276
5229
9207
6262
7455
8067
8099
4441
8984
8108
6103
5157
6769
5478
8534
1792
7333
9669
8994
7897
6796
9578
3329
4301
8845
3426
177
8416
3418
1624
378
2417
6119
1524
2342
9780
1
9962
9421
4839
2202
7143
4304
4799
2143
5847
1051
5659
7235
4035
2542
5031
5524
6941
6456
1314
4403
3542
4190
227
5641
9352
7797
9711
571
1583
2662
4315
2360
5468
9746
4652
3963
796
3017
6724
9972
6901
3954
4080
7304
4639
8387
578
5326
3608
3698
5629
793
7021
9843
4007
8574
2212
1627
9603
255
3445
7575
4954
4014
3853
3352
8752
8282
9424
2461
9775
6525
6781
8244
2478
5273
6342
6060
5818
6240
2968
5924
3639
8040
8799
9596
2198
2794
5639
6005
4306
867
3765
2764
5255
9761
1300
8245
5332
8241
1667
9023
8345
2455
1968
7731
4260
4551
5003
634
7548
6436
3099
4363
4939
3352
8093
3084
4061
7470
4110
1490
1701
5377
550
5347
4888
9369
2524
1821
8333
3692
30
8415
5977
4876
6214
4327
16
8536
5487
7630
8900
8137
1974
8660
8823
9743
1289
9247
9748
5792
2164
7563
4074
3817
621
7827
2708
9715
9020
6588
6515
6902
329
7862
8062
9513
9315
2313
8665
1759
6042
5965
4531
6230
4976
2876
2878
1805
9565
8549
299
8696
5492
5868
6501
3761
9974
168
9312
1065
7385
3722
5934
819
8657
8880
5389
915
7172
6532
3992
2896
2381
9850
5583
1968
4303
3446
9097
7039
5956
9830
5574
5630
896
4496
6861
4011
8882
9742
3239
2571
3597
5738
5913
7958
3385
1086
2931
2698
5479
5962
5994
7014
7001
5175
6244
6365
3891
7367
3779
1681
6003
81
4836
4883
5244
3197
1271
2875
2137
3311
9569
4205
7969
8029
6583
4420
6351
4109
7538
6819
3397
9784
427
3946
7579
311
9113
5416
6988
9430
5587
9245
7468
5703
3057
7849
3849
5457
3922
6222
5610
5542
439
1598
1494
9221
7243
1502
5909
3330
9438
2543
305
4213
7451
7984
472
3937
8470
2605
216
9899
8432
8372
6717
4429
4662
9814
6303
362
6051
2798
4427
5600
4903
2139
8224
6403
7815
2594
78
6535
9514
688
9665
2823
9514
8286
9866
1881
3130
8255
3188
9535
1378
8257
3234
4548
6112
3546
8828
5636
5723
2705
7114
6185
4595
633
1054
9609
4334
338
2943
8409
3618
1091
9034
8493
9229
8786
7825
9494
5148
8712
8349
7122
7143
7394
3406
4302
9800
6233
3600
8752
8387
8294
3020
2014
6998
8782
9617
2091
521
7288
8054
3621
9570
566
5437
4972
4493
6555
2790
6130
2464
9573
30
2206
8044
268
3295
5936
6300
156
3548
8117
2762
1522
934
1698
6372
6191
1283
5971
5475
8468
8889
475
5479
6660
7240
9754
1338
1936
5336
1170
3066
8620
1081
8413
1819
2624
886
1914
206
1153
3309
7275
3823
5289
5101
8011
4940
680
4589
1382
4132
6659
6995
6146
5470
4203
1842
8593
1422
2588
4597
280
5148
7959
3426
2366
5797
5578
8244
6756
1124
6256
4502
9130
188
3778
9424
4045
2654
4289
9143
5769
7437
5193
7060
5867
8043
3492
454
7171
5048
6122
3206
5
6207
9450
5932
1904
1908
6543
7791
3314
9724
319
8931
9452
2331
9870
9837
821
7456
7930
2718
1238
2699
3520
8107
9204
5999
7367
5949
1239
7894
6780
8122
7915
502
5381
7994
7649
3524
8449
6831
4120
8228
7860
5439
5833
690
2484
7686
2914
5950
3131
4541
1113
3344
9093
481
4384
9298
2300
3802
6675
4495
3579
8724
2970
3644
6641
6714
1599
4914
4833
9884
7227
6645
579
8291
37
892
6923
8806
3068
5514
5889
2820
3276
5372
900
6078
9573
5813
6647
2896
9952
5655
3976
1512
2094
9427
3425
5256
4071
2654
5791
5595
2517
8541
7930
6819
4587
9768
9079
8046
6122
7522
6259
5240
1964
8224
7592
379
1550
5356
4034
1417
8139
4
760
4556
8260
9401
3530
215
6745
8413
1187
619
8658
277
2424
1263
9012
5242
9
6135
9545
1459
9396
5102
8971
546
9317
2430
165
2852
4312
7654
5095
9136
8544
7717
8190
7697
6645
3434
3192
2109
1990
697
9756
3681
4607
3487
5671
2782
3721
1957
3440
6649
428
6086
4277
1800
8615
7717
363
4926
1878
8193
6431
4046
3315
5707
3669
2563
2901
9500
560
3881
9303
6313
2168
2129
8422
1911
758
5803
6955
7719
5107
3573
8929
8069
5648
8952
1426
3893
4612
2732
166
6494
6020
4836
2290
2283
5145
987
295
6054
3337
8410
280
1242
1103
5603
6762
4895
565
4567
4208
5664
5608
6271
9730
752
3455
7259
4127
6102
7021
5279
7936
232
1306
655
3201
1118
3886
6970
4960
5184
7995
9629
48
3901
8405
8941
9616
5724
1472
2305
6199
1470
7190
4611
7485
2669
1707
7873
6472
8237
2377
2418
4868
3646
2994
9881
2815
4127
144
9102
7520
2934
671
758
41
5018
5989
8142
806
2511
5159
2125
5886
3713
357
8581
596
8615
5663
2869
7224
1065
6236
6221
2938
8583
661
4352
7166
2222
3540
9142
1094
5294
5902
370
8977
8072
9885
2254
4713
8540
2861
6560
6934
1020
6973
6179
3685
4917
2367
2077
2551
8799
4875
6921
2751
5337
2977
6166
275
3911
4396
1658
1877
3916
7369
412
8185
6434
182
3766
7509
767
6626
2029
6414
8368
5027
2851
758
1967
9767
729
82
894
4517
7856
6141
8151
2985
1392
3592
7927
5961
9463
8318
9427
3523
6753
2242
2341
6857
474
6845
4596
2513
7247
6625
517
4426
4089
5977
6551
209
7282
6066
5052
8249
1884
6352
4717
5174
6594
7895
9352
5854
4581
3075
3233
2466
2660
5449
5044
8181
587
6980
683
6077
4376
5376
4955
3736
907
8379
7891
369
4694
2036
5843
4452
9017
1127
8671
6776
937
2042
7489
8982
5434
6526
2518
5836
9053
8221
7530
4208
3418
9699
8657
1127
5295
8436
1919
750
4696
3087
4793
1144
2969
4463
7583
4134
7833
9531
7936
8662
311
4085
35
8970
4957
9350
6334
3535
4295
6939
8626
8413
4663
3381
5102
2507
13
8623
743
1392
6771
7145
2821
5097
8115
4502
2598
4104
4971
9655
2626
3220
1701
5064
2435
3375
9451
3109
1360
362
2437
5737
8094
2608
3346
6994
4907
5201
4720
7
6618
1934
4589
9106
2147
6280
7316
5584
5727
2852
7391
2118
540
9928
2901
955
6444
7031
9297
6352
9726
1872
7807
4120
9131
6110
178
4982
7822
1486
3757
66
9098
9304
2928
3842
714
1714
8181
5694
4124
2245
5719
1749
4807
4846
5539
7226
7599
9379
7009
3528
979
5795
2695
6674
2127
4465
4385
5525
1250
8742
9478
48
3299
5503
8419
8806
2262
9263
527
2262
1320
2614
864
2856
7757
9271
1730
8565
9704
9815
7738
470
4705
227
932
7092
6195
3756
5662
354
7848
5525
2271
714
5048
749
3868
8358
61
319
5004
6166
2944
5009
1239
3163
1597
1127
7577
5378
426
6646
3115
6723
6620
6178
658
7965
35
7900
1055
602
7063
721
974
5713
7433
9572
9244
7969
9074
6038
8998
7486
4924
2475
666
4507
6490
4244
2458
8755
2607
2662
6673
235
5415
3764
1518
8212
4593
1392
84
1593
4485
7451
1352
9448
7748
5292
188
3436
9774
5778
5643
9278
1103
5823
6073
1204
5672
1298
4096
8008
1378
2910
1824
485
2369
7214
6009
380
3797
3023
6527
9576
5575
4976
252
7931
8877
7903
1059
1749
7860
5262
4330
3921
6661
8325
7171
9455
8834
2813
6897
2059
3372
3889
897
6990
3212
2530
5544
4088
9840
5112
218
3924
4314
3171
8017
8128
6195
3956
2011
5119
426
3306
3740
6171
4681
9676
9025
5453
5848
9231
3161
8425
912
6689
5884
9910
7945
6769
2285
3550
7411
4410
1294
4054
1768
6598
3697
4178
6733
2104
3716
3214
4690
4221
5073
117
7646
7805
3332
3970
1587
6779
7774
1111
295
5036
2894
7936
606
7824
3407
9849
706
9691
8687
7196
8784
7336
3257
6598
4157
4353
4666
3809
3600
2319
9941
9595
9944
758
2610
2285
5566
8975
9511
5947
5047
2049
8562
9792
2494
1985
1233
2174
8381
3705
3234
3781
3678
6719
6213
8241
2387
3383
779
4224
417
8826
7675
2939
3489
1262
8420
7043
3971
6033
5149
5811
4292
2725
5443
4039
5982
3169
8420
2244
3956
1901
6581
3377
9441
2336
3066
3978
5577
2377
7579
3244
4956
9979
9632
7191
9430
2860
9359
9721
9242
6930
94
3236
5835
8386
8654
9403
8222
7478
4558
9013
6068
7927
581
1376
3810
6820
578
2132
6205
4712
8705
7266
2779
8063
3221
8246
3859
9908
1710
1551
7123
5388
9336
9104
5800
6840
3698
9509
5628
4191
1558
1762
6277
9975
749
8403
5969
2406
3666
5406
4194
4457
1176
5664
1760
9091
54
1342
8343
8307
9689
9582
4848
116
5295
9559
4743
8909
6588
9463
2472
3524
4553
1805
5710
880
258
1192
4742
5451
233
548
2534
9510
5778
8290
5395
1914
5311
3708
1168
3355
7922
1627
2473
8940
1843
6113
8202
7479
5592
3229
6940
2591
2299
4045
1528
3889
6955
464
3943
9691
4607
1890
1107
25
5876
5552
8598
4123
2844
9658
3233
6504
2050
594
3566
4598
3806
6336
7607
8162
4011
8224
3670
644
1984
587
3084
4395
8991
4834
5815
5917
8072
5942
4153
9495
5971
8976
4879
5650
9408
3248
7918
3829
5739
6423
9763
2745
6766
8104
2103
8958
9575
7458
2537
9471
607
2839
4844
6856
4971
5307
2882
3788
4268
9738
2771
4318
3185
2404
2769
3693
3189
5667
2858
8444
9785
2269
9786
4673
8378
2700
6301
2257
9553
7342
8680
49
4106
8498
6
9701
6086
7829
4913
6203
4789
3407
9714
5260
5981
1743
271
8350
6424
1456
6360
142
2743
7854
8086
5144
8275
1556
4109
9701
2511
3639
6110
1144
3426
9743
853
8494
635
2719
5212
8563
5632
1051
1877
983
5940
8818
4377
7742
9545
798
3832
8925
5311
4978
5353
5840
4357
4621
3190
6219
2962
7944
8765
9597
2332
1418
827
8539
4463
7394
5336
3794
7539
3793
1627
466
8995
4129
2072
2202
9307
3848
6719
2087
2646
9749
2309
3555
2680
2382
7959
9896
1755
5394
7068
5584
7351
5963
8406
7324
7267
9240
7927
3268
7845
2286
6934
6358
733
158
6364
6876
104
1368
5692
2673
4982
3280
9985
1735
2766
5661
6723
8631
273
360
7063
9226
7026
1356
1681
5597
7212
9629
648
4818
2240
1268
5057
1830
5765
5735
1293
4627
8824
2908
8650
1142
2463
7598
749
275
1746
9506
3232
4625
4851
459
9328
5787
6401
560
7162
8054
7265
4208
4177
2126
6543
1371
1403
9300
805
950
8553
243
2993
9848
1628
4442
3590
3397
3834
9983
242
9502
8600
5561
9681
8353
7109
2272
8254
3630
1368
2650
4737
5859
6121
8757
4822
8111
2794
2900
624
8220
159
6224
9675
9333
7083
4318
1659
1135
9740
9542
9199
6329
8734
2740
9586
6588
8238
6072
7407
275
9637
6819
5036
5545
6635
2537
6107
3003
4602
5065
1649
9127
6264
2258
7880
2632
1245
5581
3584
2207
3392
9019
4144
5148
2436
9066
2768
741
5800
2621
4457
7265
4683
6924
1116
7692
639
2658
5821
113
6459
14
3191
6340
9567
3395
1925
1156
9693
4831
6398
5903
8480
9657
601
8866
5451
8425
2985
6803
3402
7196
3482
1136
5199
1515
6901
7766
2836
3325
4525
7411
8455
7590
2596
6863
8620
4778
6628
4110
309
8584
8021
6261
473
6231
3566
8016
4415
2026
4780
7850
5495
822
4241
7248
8476
3792
6321
277
9253
3352
8957
2346
9249
177
113
6893
2084
1714
4437
9195
7960
5788
7672
6812
9185
6793
1850
3899
192
4303
6367
1848
4433
4594
9687
3633
7203
3684
3187
3441
4328
2008
7202
1071
69
9321
946
1560
2620
5194
783
8129
6890
6977
5787
578
1852
7067
9768
9139
9554
4911
5673
278
3691
6789
550
3095
5750
3976
8434
1510
160
2569
2831
8652
9266
5134
9315
7806
2189
4894
5568
7586
3809
1970
286
3993
5980
2562
7288
159
8375
922
8240
3840
7034
949
4589
4686
6098
4914
3839
4933
8156
2055
403
999
2321
3843
7780
8472
7673
4096
7866
9938
5595
4603
1320
4909
4830
7483
8382
5414
613
4253
2845
8962
5564
6652
9017
872
170
9618
6776
2699
3617
7060
4557
7793
9874
1866
613
8544
4161
3339
896
8208
3420
927
2542
9816
8625
1903
1857
1583
4078
2305
4945
576
1376
8377
7257
749
8651
853
9994
1453
4204
4822
5685
9247
8045
7875
5786
261
8100
2892
6021
1220
4791
9924
8165
7001
5625
94
619
8655
9044
3244
6617
8343
6688
438
4138
4491
1917
6985
2946
5035
4669
1469
6604
5017
4499
3293
6853
4056
8500
7573
1522
3173
4198
4500
6734
1186
6693
8812
8169
356
5144
3121
4881
727
7088
6533
7245
5276
8152
3958
3658
2793
3484
3808
8563
210
1636
7208
6747
3083
2567
9611
8183
9263
2015
9622
5117
2281
9857
3007
8427
5848
3074
8406
2409
9550
386
2040
6957
9345
3499
5207
6375
8400
5622
2785
7038
194
7303
1161
1976
9632
6477
2598
7904
8291
9761
4773
9597
2362
3653
8174
6940
9506
6316
6031
7064
3330
787
8751
7820
3994
4069
9733
7344
4345
288
7940
4847
6685
4504
2766
8101
522
100
4491
5944
9216
9676
7205
663
4253
3134
8576
5364
1837
3471
8270
5616
1057
4518
2445
422
5220
8945
5685
9228
5799
8026
6052
2007
7697
4509
5007
1762
8239
8291
1683
5450
3806
219
7923
789
1220
7507
969
3930
8507
7070
6529
6866
3252
767
2514
9925
2568
3361
4754
2745
4575
5706
5222
4848
1106
3348
2129
8247
131
5755
3293
1439
5654
3637
2924
7408
3178
1585
1471
1786
833
5559
2591
5086
4002
6486
6250
2723
3670
2230
3283
6040
4725
3235
6003
5704
5818
1039
2639
9157
612
8465
8489
8543
6217
4944
9395
6427
2867
5545
8207
2237
5457
7212
7210
8938
117
3989
8669
8145
9109
213
4646
4867
6950
9928
4443
61
8662
1224
838
3046
2504
8584
5927
4570
1598
6325
58
5894
6248
8107
1254
7045
1096
9760
6660
7854
7691
6186
3360
9140
2740
4303
3121
3704
5603
7036
4008
3706
4328
3461
1017
3318
2667
2648
4259
1153
9838
7322
1691
3488
7670
2389
3189
6755
1229
1477
3103
6089
2471
4417
5673
6341
3377
3303
3993
564
7507
3916
222
8164
5788
1921
1897
5431
7074
2695
8829
497
6989
385
3064
9300
9313
228
7814
2771
7549
7939
2801
6967
4352
6632
2620
6469
5852
5389
1752
4113
5609
264
6411
9428
9565
9773
1513
182
1402
3915
8986
7905
5067
7445
5963
4845
6620
1795
2783
2405
2972
8309
8088
861
7454
7320
9768
5028
6539
1523
9848
8769
3252
8498
9072
7580
2557
7109
9486
8791
5391
8617
8624
9430
9681
5019
9194
814
6046
288
7936
8745
1122
5670
1402
667
4010
8619
4664
9141
5974
3522
7120
8098
5189
9016
1433
9809
3856
3965
4628
2582
9725
3721
7901
2207
9902
4598
1166
1105
2916
8637
6981
5408
2801
5659
4711
3244
6197
4378
1971
4118
8691
2278
4285
7628
1007
1586
3895
4692
6773
9289
7664
7574
1433
5827
3985
1419
5918
5836
4365
2291
7048
6262
7142
2419
4594
8739
4667
6709
8315
8116
6582
7482
7363
1184
4584
7695
623
2214
7603
1158
1740
7605
965
3488
3322
7237
5684
9349
5521
4925
5051
241
5472
1753
4223
9758
9394
7075
9721
3728
8481
3592
3553
720
3746
5206
8038
5280
9472
1779
7206
3511
5065
8010
1039
5766
2243
6813
3426
9385
9658
9180
8898
7269
9569
2820
8363
7885
1297
8505
1633
8181
7038
9452
7204
3197
6250
1121
5140
9756
2082
1740
571
1035
6579
809
7677
8730
3097
3864
2663
2915
5924
4460
5520
6695
9830
7628
6939
6146
6543
6828
4316
1186
2672
5931
3178
8776
4215
2941
699
4906
5972
1610
344
5413
1246
5656
6071
5251
4293
8783
8414
7727
3813
6966
5781
5925
1376
8965
5027
1641
6515
3051
5951
3715
9046
4517
4319
7306
4228
2694
4312
1336
1367
5812
5107
502
4605
5708
3190
6301
9523
6719
2103
9651
1916
9207
6072
2240
7867
9275
7037
442
4759
3029
8468
5739
3599
3216
7532
7679
2570
6375
6594
1618
9723
3747
7901
2110
5964
7740
6471
1098
2554
172
9211
7420
8021
5057
1972
4859
1871
2403
4131
2094
3477
3511
7850
1270
3073
7671
9968
2401
5407
7965
4125
595
8897
2586
1935
2968
5059
3197
5117
7336
8720
600
7918
7137
5261
6864
3325
8165
2997
8474
5023
2077
4724
3811
8526
9620
5950
7238
1082
6575
1276
5484
5851
3377
6106
7072
7875
4245
1560
5332
9845
3771
7145
1093
9589
1537
7248
4280
2414
5812
8879
7893
5802
1227
4173
8717
2931
2399
4454
9846
7385
2855
1216
7472
2763
244
5373
5157
9314
2883
3732
4431
8173
7114
5664
1519
649
5629
3906
1866
4966
2016
3632
5705
2593
2672
7217
1946
7204
2571
5177
8264
4593
1999
7612
2062
6272
6627
1782
8231
879
4527
9565
5751
2933
5937
7421
5301
4000
3175
1309
2788
3389
1763
3248
9477
3067
8588
1609
4884
3120
5817
8457
374
9469
9124
9804
8860
3364
5606
9527
4972
8037
2436
7318
790
3998
3045
6197
3336
3816
7775
7286
6917
9848
1729
8083
1415
7488
5791
7793
6644
4760
3407
2784
4641
4975
2778
1136
8954
9332
2800
4341
4654
7197
184
439
6200
4043
2985
2001
9577
8520
5948
6727
2859
6986
89
773
5235
9369
4952
1011
5504
9774
5166
8915
2595
8866
6685
538
3495
2645
8563
1620
329
6262
7926
8270
7482
9182
6562
4065
5193
3568
1340
8105
2116
3297
4703
4662
7640
5422
6257
3482
2345
8885
6132
1669
1926
982
4877
8710
1785
116
6881
8531
5035
9155
7731
9178
6183
9139
6912
3155
2484
1887
6290
4820
815
555
2414
897
503
7739
8392
6605
3037
8695
9373
8541
2933
1288
8205
167
5446
6675
9195
4686
5743
5696
4742
8717
6087
6800
5579
5565
8639
15
3135
4855
5951
2317
3610
9491
3776
5839
8028
4073
4230
9395
7830
669
4620
6984
9913
8421
2832
5350
6238
9966
1235
6312
8430
4822
3631
7247
6091
7225
4624
4708
3948
1070
4641
5313
9439
4791
5050
7881
8907
9470
3216
9441
633
2269
6396
3781
5080
4789
8302
2552
7868
2486
3157
997
4204
6727
8307
6348
7212
2393
9744
1781
7495
1434
3753
82
8010
1770
7107
3364
6699
8311
5898
575
450
8390
9099
24
5445
385
8443
9209
7785
9368
8789
9544
9124
1310
1666
5
2459
3476
1485
4310
5101
5308
3025
1598
3110
402
3564
1485
193
6388
6140
6676
7729
3572
4988
1356
5265
9600
4991
790
4221
4744
1740
8205
3202
6997
790
1159
7096
7601
5792
1101
6188
1861
2572
4062
4871
1929
7189
9448
2384
7936
7152
2481
1025
6835
7887
1340
5043
3513
7808
3382
2824
2135
755
1418
6634
1609
4067
733
42
6883
2729
6794
3358
5620
6007
5376
977
2317
3966
2918
9972
9552
4386
5269
5003
7894
6050
2251
5481
7233
7840
4877
3557
9396
831
7974
5750
9490
4849
5992
5915
7648
2196
3491
4104
1246
8436
663
4308
7131
783
3151
2379
6349
3556
1555
1801
7975
9616
533
4564
3692
4786
8046
789
3049
4441
5957
4557
8640
8399
7708
4314
7817
279
4679
6770
2099
1216
9338
8443
5368
2819
9979
9772
9084
5823
726
6453
4925
2641
7415
1349
2098
6554
8464
1791
2177
7332
9242
8095
7798
9248
3873
3212
1929
1530
9275
477
3533
68
8480
8991
3589
8363
4702
4102
2182
3047
1164
9976
9954
8544
2586
2956
986
9047
9661
397
1636
9243
7436
7450
4168
3494
2028
9032
8715
3611
7673
531
6549
6630
3776
4706
3828
4104
5089
5700
9296
6552
1023
8071
7977
8109
9227
2956
7081
4809
153
48
2947
6095
3324
680
3626
895
7238
6340
1527
2991
3926
4434
5629
1048
6592
9415
8912
868
5067
6528
3117
9825
9696
7882
5150
9862
2456
2459
1732
2714
8591
8255
5417
6344
8327
1062
9946
6399
2026
3136
3631
379
9383
7397
3514
1425
1245
4161
9052
5494
7421
6008
2105
2267
4968
3839
4747
2037
9026
4316
9249
6634
805
8605
8604
2210
5640
3297
1579
2216
1495
5781
1674
8353
14
6649
4749
8700
8790
9286
8202
8322
3235
7695
8834
3040
3020
8999
435
510
3056
8462
6482
7473
140
5347
4635
9723
7145
8775
4879
483
8286
4463
8703
4641
2052
3609
6329
293
9070
9534
431
1470
2184
9423
6084
3440
8060
6615
900
9451
879
3591
505
8412
8970
2529
8847
2362
5266
6495
9467
4367
98
9460
9281
9126
9807
3221
5247
102
4733
9557
1690
8537
4698
1825
5164
7690
4089
6730
6083
134
5937
977
1472
7449
4277
9370
3877
9373
3992
1434
7550
6657
3411
7863
7785
6317
1767
6836
395
4155
1048
5601
1373
8229
9963
5559
7806
4604
5524
5976
4368
2256
3197
7643
3301
4384
8744
5946
8108
659
8308
6209
376
8243
7349
661
7859
985
9823
6095
8739
3865
2938
8185
5270
2527
6635
6245
6975
186
4587
2647
2519
2918
1543
587
7591
6395
3432
7490
1973
9610
8974
2603
4955
5815
5957
9988
4287
9595
8210
1250
2614
911
7013
6349
6225
2771
6383
3534
356
7412
6708
2644
2348
3510
4134
154
5784
2643
3123
9131
5543
3811
9992
4407
6873
4988
3222
5620
9162
514
6972
9677
6769
8738
9032
1817
1824
2716
3962
6714
4980
3514
4997
4136
1940
8927
6947
7462
4048
5064
2416
1991
8354
9191
3704
2249
7329
3492
1213
4920
9075
257
3403
2135
6795
4705
1549
1815
3031
1532
4448
3810
3359
9114
6608
7075
6480
2543
9796
2912
1987
3556
676
4130
6538
8522
7580
1955
7198
6508
5024
6003
3114
3535
7010
7097
7661
8487
1076
3983
5585
9812
538
715
8529
6752
668
315
5317
2625
4868
1587
298
5713
8710
4233
1561
7519
1046
5471
1674
9393
1446
3864
3207
338
3789
6366
7532
9363
2411
6298
4454
5904
1868
225
6102
3347
8067
3700
9767
1845
1124
2066
3618
3580
6731
6530
7104
9004
151
6462
9102
3750
3866
6012
1360
6748
5423
9755
9602
3568
1607
3625
2891
3301
5848
4138
7892
6450
352
5152
1444
6151
304
5
8188
7737
8238
9707
704
1161
5051
3790
1800
1362
5118
5423
1876
5358
7291
6792
1502
9955
2068
212
1639
6510
557
5975
53
1733
6928
6684
3146
7719
5684
6173
9113
3791
7496
5457
2511
2377
7195
1497
8205
4993
732
9500
3840
9066
3528
6879
6321
2957
5245
3133
6826
4766
2423
7987
3536
6471
8976
1565
2254
4575
510
7170
2183
4991
6978
3865
2509
9266
1131
1873
1597
2609
5071
2975
4573
989
598
5120
3332
7503
1617
956
9339
3829
1141
5942
7757
2481
4593
3347
6456
9264
1875
8711
5356
4385
2205
6385
2878
3362
9872
4728
3209
9336
8572
7921
7144
1022
120
2173
598
3521
6271
2219
2010
4434
1199
8208
164
6776
6574
2314
825
8556
8255
7192
7562
5556
1951
4148
6510
6620
2632
2971
1682
9887
8534
6460
9850
3974
4600
8571
2920
5121
5725
4454
5444
8459
2532
5295
7490
3788
8655
4270
6562
6434
656
2934
2515
5890
9889
8778
4386
9778
641
228
4704
5430
5655
8347
5359
6381
4834
1033
1703
9250
8082
7983
5043
7672
3915
2246
6661
9172
3607
4142
7972
4787
2186
8347
5671
3909
3207
5292
9060
4924
4796
3311
6608
2050
3685
1467
8710
7318
4096
4277
189
2326
5320
857
2308
9093
4531
5935
3048
9135
194
9056
8024
1795
1567
2076
2604
5098
8561
4325
270
2367
7423
7615
4672
31
3883
4028
3910
7923
4716
6315
3198
6461
6802
6780
5971
7815
1153
4494
7660
9917
4534
794
6651
38
5062
3523
346
6466
1095
9169
2211
9186
3016
9686
2027
2531
338
9121
8351
8910
4195
8707
5963
2048
7372
3418
6937
8516
9329
8161
5834
7147
6930
214
7772
6138
3062
9039
1425
8624
7354
4045
536
998
2946
4720
1081
6444
2518
8793
470
706
2615
5881
6422
2892
8871
6968
1200
4095
3796
8717
9092
3302
3788
5218
5710
9647
4155
2092
4989
4909
2235
1066
8951
6586
8723
4873
8238
3318
9217
8615
3337
765
6228
3343
1025
520
3343
1198
8022
5826
3956
3630
4777
1495
5147
6061
1072
8507
6981
3074
9331
8314
3329
5409
852
7080
2581
7648
282
8590
2866
1091
6388
5259
8473
7022
9949
9097
3549
8300
6130
1635
6156
9032
7696
3795
1092
4505
7433
5746
6848
4163
2823
1427
237
820
2274
297
7549
1625
3354
8257
2367
6169
904
7647
5605
8293
9155
216
9183
1302
4737
204
8771
2683
8870
9721
9841
9794
9056
5443
2207
7427
3448
4220
3165
2471
2689
4967
4887
9593
2915
5505
826
3285
7337
2737
6815
7419
1165
9502
7628
3737
5775
5318
4597
9013
3161
2541
3116
5152
2547
3940
5431
9842
5917
2781
6483
6975
3809
4049
4680
9557
9875
4583
6214
4834
850
8104
9482
718
3033
3472
2787
7720
9912
2319
9927
6205
4868
2877
6956
1082
6855
7505
3032
6434
242
7346
7757
3247
2754
9838
1274
9844
2557
2021
4878
8634
2307
2848
5739
3234
6457
8725
3936
5456
4701
2718
171
5417
4679
2997
9648
6266
7768
1745
2765
771
2821
8358
2255
3620
21
7145
9492
5084
7057
6716
7599
4544
2296
9257
6477
3074
1786
66
8161
4808
3288
488
7535
9393
8333
1354
3315
6337
6994
2616
749
9860
3614
2686
1358
9056
2100
2971
7647
7398
6904
3676
7439
8377
3681
2527
8730
9158
5508
4150
4447
3843
8254
2953
6605
2051
7871
2269
1322
7707
7280
1642
3851
9473
5171
1812
2732
2371
3866
9211
2374
8846
7955
8052
8890
6953
9538
2797
1384
8212
4248
2150
6694
8406
1229
6505
6939
9217
5254
7766
9028
2500
8718
6218
7141
6063
1649
3736
2512
515
3722
620
111
8749
5696
8382
4750
5480
5119
1232
7288
2764
9882
4625
1871
6605
9353
2647
1734
9378
8969
8511
2184
8106
8649
7732
2418
1925
4096
5112
943
6611
3753
2670
8359
640
6974
2515
5900
2369
6114
5063
5656
2509
8706
3309
7440
602
3567
4251
6661
467
364
1637
5059
5630
3368
3349
190
2217
9352
6348
5420
9623
7725
9729
7586
1436
4337
4191
7091
622
5070
7672
4937
9342
2131
287
9574
806
2851
7177
9383
2123
3461
4658
1849
9737
996
9256
4087
8944
8566
2566
7081
4118
8817
3513
4623
3955
2000
4409
3309
52
5543
1462
7685
1933
8197
3748
7587
3348
8204
3042
530
1315
1033
2673
4890
2214
281
5028
5115
6861
8262
7644
7123
3679
2992
9485
5706
6938
6635
6198
8510
8581
4786
4872
1267
5780
8365
3598
9460
9714
649
515
1096
9728
8091
912
3645
1072
693
155
4609
8665
1744
5867
3391
1334
7152
8359
9185
6148
7421
6754
5854
178
9403
4524
1554
5248
7092
2529
5907
3485
4301
9347
9238
5923
3579
7866
7585
4093
9828
9422
7109
1148
1295
2998
5738
5023
1217
4478
9706
5725
7428
8584
9719
8465
49
5722
8019
584
2396
8662
982
9666
471
9314
3266
4270
8082
9380
5088
3499
3696
4298
1173
794
7367
8796
440
2529
9533
6391
336
1898
838
4942
416
1246
4932
9430
9283
290
9228
5117
9634
654
703
545
6962
6717
7068
5516
1682
5272
7515
6300
4211
2726
7255
6657
8006
9484
2003
964
6166
3548
8174
1719
2131
2950
9552
9475
3156
7844
588
720
7355
6200
5745
1641
5107
5015
821
3295
8277
5852
1481
9725
6802
1217
5650
1782
4378
554
5835
1173
8347
7684
8197
8395
8954
5254
2736
5431
1514
7964
6088
3819
6525
5884
6443
1508
3089
9595
5791
4130
299
3028
3740
1182
9406
6103
2546
5957
7111
9883
4574
8983
5270
2725
1692
3546
2014
3971
4292
681
6908
6695
5576
3745
6960
4796
3425
952
6802
6401
2399
4497
2655
756
4941
988
6056
9592
3597
3319
8842
1873
5900
6317
633
6338
4881
9738
204
2987
8490
4247
3052
560
2715
7769
668
5320
8849
8977
1255
507
9965
9048
1779
5691
9173
462
7379
3442
4304
808
31
5810
6409
4744
6699
1962
1622
3801
4169
7304
1992
4016
2964
658
4638
7048
8532
8475
3970
8078
8313
8391
6939
9175
260
6361
6646
8092
6595
7173
6769
8955
2903
6091
4141
7200
3703
5376
9402
5576
381
9763
7352
8849
4144
583
610
5662
2641
8696
7804
5550
9103
4624
6045
6745
2012
9064
1859
9273
607
8504
2779
7577
7040
2896
5419
8103
4966
926
7021
2172
4657
8823
1483
848
3505
2805
661
8216
2292
4303
1058
2747
4669
2199
4536
4557
4424
5822
5467
7859
4891
3874
3073
2883
459
1905
3338
4302
2110
7692
1093
2841
4359
9612
2306
2782
8616
7740
9817
4728
214
3993
5353
9649
8166
4381
6306
4841
3248
6503
4425
4694
283
8110
1596
2755
91
2362
8108
1388
7560
5448
2465
3223
8498
2471
9557
3813
4603
2655
4453
515
9966
8247
8919
9735
904
3225
9783
8665
7683
3135
7655
5401
2558
9289
8039
4930
86
7787
3600
8001
5117
236
1583
6327
5126
6888
7340
1735
2681
7653
178
5018
3688
1585
3201
159
6446
3064
510
6126
9700
8076
6665
2868
690
3277
850
3846
8154
3619
4354
1401
9688
3708
6132
1218
3785
7556
7661
7602
2352
6931
6098
7205
382
1304
5058
7786
2711
2808
2417
7143
5173
8223
9519
177
6345
2303
6409
7781
6076
8712
9555
6019
5682
9
8011
2848
9660
4838
1469
7691
6712
603
9850
4544
7433
4165
722
1327
5928
7122
9495
508
7538
2834
9357
8982
8019
9268
2053
9117
2855
202
1256
9645
5171
732
8436
2444
2755
7706
3576
7644
3327
8520
8821
8070
6580
7799
1404
9759
3631
853
6238
3712
9376
4913
1595
4351
5039
9452
7226
4109
6511
5287
9420
1684
9652
9114
7677
2999
7385
6324
6945
6991
859
5986
4226
3946
9901
1117
7019
1773
8142
9479
7864
4053
2395
4992
6140
7217
910
8221
8679
8211
8823
5145
1457
152
8848
7907
4181
6056
775
9257
2483
8816
9420
1758
5354
9589
5676
8375
5933
7402
5100
1015
2225
1952
7345
1614
2093
2537
2971
2297
253
7170
1269
9706
5108
6230
7410
5009
5186
4441
7360
3437
2793
39
7318
9282
5065
3211
4468
9070
6499
618
5088
6674
6139
6186
5511
3105
8099
2290
7544
4178
2894
2011
8115
4941
1403
8017
2132
574
303
6753
1126
3697
2102
237
805
497
5993
2966
5785
8781
8083
8898
7247
2373
9595
1035
9725
7775
7797
2498
283
6636
3053
3613
9411
9555
9754
5224
5772
6122
6235
5662
8327
3826
8286
1405
440
576
7481
8917
7362
3149
1670
3026
7213
7227
4657
1058
7946
3766
682
8913
2052
1233
4530
2170
6754
1566
5129
8469
2912
6144
446
5614
7234
8903
7437
7593
7182
7274
7990
987
9941
3267
6704
4439
1068
1768
774
2202
9482
463
9548
4344
7107
5817
1521
6885
9272
7991
4336
4851
541
4789
883
4151
7638
3912
5355
5188
8086
7064
1967
4397
2524
216
8949
5354
7269
8736
8908
1067
29
3237
8146
8739
8920
61
5077
7662
2337
3455
9390
4849
3432
9818
3227
8696
7954
8933
9229
7726
5201
4830
307
3513
9106
2089
9381
8339
5417
5435
2984
917
9872
6532
9678
5359
780
4638
3119
5762
6606
4438
8533
5565
9107
7865
4217
9199
1284
379
8041
2908
6805
3299
2936
5822
6530
9614
5570
7561
3852
8275
6644
1342
1655
9538
8907
2891
7184
2103
6892
689
3162
3628
4080
8336
445
5910
4478
8971
6097
6879
9245
8779
4517
2980
1993
9395
1404
5729
3437
7068
4522
5702
408
8376
5298
7319
9265
9403
3257
4517
6480
7274
4577
3237
385
2180
3716
5664
9957
5
2432
2660
3332
578
3995
5824
500
1072
5106
7426
4222
7169
3259
8214
7084
1928
2471
7635
2778
2289
9401
9562
7516
4402
7643
7527
4167
6937
9611
6297
5505
569
6572
7110
8055
8883
6213
8026
3402
2423
902
5001
1586
9364
2781
2233
9963
2942
2575
4853
2164
1860
8459
5528
364
3908
1719
7147
6427
3404
1064
1892
7852
2013
8047
2550
8475
2515
9531
3442
4621
3611
6830
4975
892
5561
6055
8705
2814
4947
7991
3754
506
7374
5712
4561
9039
6730
5538
335
4689
8837
7323
7230
2248
1080
853
394
1639
2338
2138
1219
7997
7330
4553
3861
8863
6916
908
7599
8295
4566
630
2056
1513
8805
2995
4818
4754
5753
726
3554
95
5331
4997
7118
9353
8424
2733
7610
2136
7802
5981
8922
2902
9079
6396
7001
4406
6558
9837
7682
8173
6541
8112
5527
8486
7668
2847
1759
6604
5663
1129
1264
9442
29
5519
9513
3868
8683
7847
550
1162
3654
9764
229
9976
1977
7727
5531
9858
8380
6681
9338
5420
6690
5082
4885
9895
4137
4352
571
4256
3047
8141
5698
9042
4672
6087
7441
3005
6379
5293
7359
3377
1950
3443
9546
3164
4918
9052
7071
9858
6277
6945
1978
2353
1236
1328
4769
6455
35
1126
7036
7425
4807
6373
8970
7605
7749
5429
9937
3218
8548
9316
6068
8517
4294
8922
6985
1522
6264
8609
9533
4335
5314
7593
877
1521
6744
9312
7057
9802
657
2626
4708
154
6414
3713
6808
2184
1977
2369
5284
5246
4887
3586
4739
1872
3014
1573
1109
8381
7486
6039
1508
9038
3046
3214
8738
2393
8261
2737
988
3371
4728
6959
8214
401
9576
516
5846
9198
7325
7743
6677
9497
3407
920
1244
3238
4650
6191
320
7892
5830
5816
6741
4307
3616
1109
9983
8442
7342
7112
9345
1008
1130
8290
2747
4913
6749
3953
3942
2489
8622
1248
4122
2101
9705
6759
8997
4913
5576
2511
9189
4302
2702
4545
3801
124
4277
965
2392
6259
52
9039
8361
6387
1828
9819
4845
1591
9446
2375
9068
7183
4775
8542
6492
4182
845
1581
115
9630
6292
8625
2338
9185
1185
1738
7476
7689
9333
8855
613
4342
8333
6441
3070
8422
6604
2437
8210
8942
5602
6714
7924
8018
7880
7866
7581
7327
3912
8558
2982
6976
5645
4197
4539
5000
1763
3174
202
4395
1045
1205
9721
7734
9995
4572
8265
4658
5268
58
25
7214
3947
8739
8353
6848
920
7265
9447
