178
3528
1794
3676
5920
9490
9402
3000
8834
1126
3448
7340
1260
734
3130
3274
9736
6334
1654
2068
3908
2788
6682
3014
9790
2696
1754
8602
4456
4618
7700
4744
3312
8346
8572
1968
6320
4670
6704
1866
6322
5650
560
9038
7078
7904
2006
144
3182
222
1498
5848
9956
9802
4540
1080
1964
7846
3428
5226
1454
5432
6976
7282
5876
386
6420
8090
9188
4068
5750
4200
1014
6330
1092
6812
7494
5480
6286
2
6346
2748
1108
4004
290
8852
2408
5466
5994
7262
1372
6786
4136
6092
4246
4358
2442
3358
7848
2598
1194
6126
572
744
7694
4540
3998
3254
1360
9214
3082
1724
2054
9832
2760
9128
7258
8210
7132
8940
7620
6512
3224
1860
218
460
5076
2150
2256
3236
2070
4622
4586
1312
960
4070
5106
5236
2478
2756
8268
8346
1170
3746
3266
4866
9442
8850
9260
9904
600
9952
6376
5982
3776
4626
3056
1034
1774
5300
7246
4114
5092
8256
8042
2062
2570
2202
6360
3388
9496
1188
1474
556
2890
8948
6832
2260
9326
5190
3154
440
7454
4196
8058
7494
9010
9276
9424
1604
256
2862
5802
6760
456
1792
8580
4194
2498
1918
4776
4806
3784
818
8702
6056
5772
8662
6832
6940
6122
7326
1008
9110
8184
1334
1268
8936
2456
2738
898
1296
980
8196
5950
1808
8752
2414
208
9768
7010
1754
210
5828
1868
7092
1876
6664
1638
9236
4098
8614
604
3790
7626
484
218
9034
1460
848
3000
3778
3482
3598
6256
9634
9398
3336
4438
8916
4754
3046
9444
2132
7900
5244
3632
7604
6474
9978
7836
6796
6578
7590
6608
1020
3312
7624
4748
1870
2648
3452
9242
3906
4454
2562
864
4232
664
7254
8208
7250
6234
8286
2074
2702
8552
386
6028
5194
3842
3996
1844
980
1010
3624
9502
6646
6278
4304
9304
2428
6030
8330
7306
6472
2668
8270
5184
6634
5696
458
7474
7490
9752
5494
9674
662
6420
4708
9498
6642
8692
3704
5038
5846
750
4690
7642
7342
9328
2766
8114
344
7012
7246
670
4218
6778
8854
9782
5340
3476
984
2904
9888
636
6124
3664
9980
1922
6044
1744
7546
8346
440
1018
5078
7464
8746
1836
3862
8724
9214
5026
9224
1352
5018
2866
1450
5824
8656
8100
9278
1014
4052
3264
5560
4264
5616
3358
6168
1318
428
9226
4434
6950
5650
2472
2030
6120
2844
76
2970
1740
2656
6880
1420
4024
6976
4530
4622
344
7768
7598
3064
1666
6570
4700
1184
5774
3850
572
328
3190
6752
6056
208
8872
7326
1988
3206
5264
4156
7970
6720
826
7028
3298
4216
9776
4514
6290
1896
4300
5548
918
3752
5418
9308
9296
2686
704
5308
6584
2130
1324
3474
3598
2832
6158
7650
6560
5586
676
5156
2214
1314
90
4050
1882
7396
6050
250
16
2050
4430
2616
1406
4538
8650
6806
7784
2880
3250
1502
4912
3388
7678
6626
8256
3466
2136
3030
1100
2768
9684
6878
4254
7206
288
3148
9636
9396
1052
2782
1010
1184
6198
9496
8780
2352
8396
4630
7646
4382
2206
3224
9316
7142
3516
450
4370
258
1902
858
8698
2754
8126
8540
5642
6
9796
8166
7342
3062
2100
1146
2536
9206
4524
7732
9442
5422
6910
2414
9250
4686
8458
5480
1904
6742
330
4768
3624
7392
5538
4274
2678
2476
9270
4452
6772
7248
9124
7974
3548
4552
8400
9880
9326
7058
6738
1902
2514
2182
9768
9892
9310
4336
9792
7482
4698
7452
6096
8428
1028
5998
2912
7784
4216
4956
478
2166
2316
398
1466
942
9886
6006
698
24
3920
4448
8946
8022
7152
9908
9036
4924
9878
1326
5358
1748
7524
606
4690
2682
9440
3966
5044
206
2596
52
8658
2014
5052
9058
9810
240
8884
5666
3792
6948
470
3746
6428
5472
7498
2642
8864
7546
5364
5018
6770
726
8634
2130
8484
1786
976
4570
6954
4218
7914
2736
9812
2262
6694
4678
2582
2042
3026
7528
7188
9798
2956
4382
3584
6006
1580
688
5418
9792
2684
3404
3696
4260
9570
524
1686
5524
3122
5514
4548
5752
9944
2196
8162
1464
4510
1362
4202
5664
1006
3756
6938
7940
4536
8278
7180
3454
4830
4598
8594
2202
2820
7680
9140
8648
7054
8274
8014
9378
3656
4854
6142
7056
7072
3104
9284
5206
4744
7460
7434
9968
2514
5936
6682
1056
9426
3414
6628
6818
8542
8460
4594
3970
6628
4500
7432
2488
7588
128
1738
1468
1844
8682
9292
6954
5432
6176
6232
6928
1912
2164
1884
6630
3574
7514
8964
4352
5006
976
6356
5500
1710
10000
9606
9220
9054
4862
4272
8576
2530
2350
9446
2308
7696
5520
5176
9476
6320
4552
9772
7344
6140
2790
8246
2934
80
8520
2310
1046
3198
6012
8238
2980
4148
7502
956
7952
3134
1748
2456
9784
6528
8486
528
2334
364
162
4790
3000
1898
9442
1490
3766
4772
6398
5010
5374
3728
2412
3334
2684
1562
9942
6046
540
5450
7778
3954
7676
7522
8850
7428
3520
3870
9764
1564
6134
9510
9578
2330
9618
1120
1310
1120
5432
2166
7106
4624
3638
1736
6256
9684
3064
3944
7638
7926
708
2440
552
4678
4798
5590
1066
5826
2302
1536
8796
9614
6654
5118
4696
7438
8404
9530
5886
5488
1162
6894
9572
5350
1224
8542
1082
9782
3624
4812
9936
1062
9094
8464
5012
8214
9736
2886
1232
7580
3450
1624
6250
2592
9286
9198
4838
9106
4400
1936
5148
1278
6634
4818
6416
2534
9548
610
3118
7322
5526
7358
5968
1982
3772
6454
2900
9926
7214
8386
8086
1348
8180
6684
9552
624
3236
3512
4326
6230
5364
4822
5616
4146
3830
9676
7700
6478
3784
4816
3972
4102
4528
7074
8852
4530
8550
2570
6230
9142
926
4318
8590
2256
8598
9302
286
7774
494
9112
5438
6168
7158
2004
4042
4684
5316
6796
132
4904
3918
2988
4134
956
4012
7682
1116
5042
7566
398
9308
7752
986
4204
4950
5474
2160
2524
3922
2838
7100
8544
5598
6206
4734
4040
5072
3028
5078
1886
1304
5240
3010
1376
4632
7950
5486
7826
8120
5596
8388
486
6898
1486
6934
3018
7576
4908
3648
5186
1332
4964
720
9728
1642
552
6514
5638
5350
814
2744
3956
6276
8788
3418
8416
1524
9578
6796
8994
1792
8534
5478
8108
8984
6262
706
5524
3542
9352
4190
2662
3954
9972
6724
7304
4080
796
5326
578
4652
9746
5468
2360
9596
2968
6240
5818
6060
6342
1968
3352
3692
30
550
5792
9748
4074
9020
2708
8536
16
6214
4876
1490
4110
7470
3084
6042
5868
5492
8696
2878
2876
4976
9312
168
9974
6230
3722
2896
3992
6532
7172
8880
9742
8882
896
5630
5574
7958
5244
7014
5994
5962
4420
472
7984
2594
9866
8286
9514
78
338
4334
1054
7114
8786
7122
8712
5148
9494
5636
8828
3546
6112
4548
3234
1378
2798
8752
362
9814
4662
5610
6222
3922
8294
6998
2014
3020
5416
3946
6130
2790
9570
8054
7288
6300
5936
2464
6372
1698
934
8468
1338
9754
7240
6660
1170
5336
1936
3066
4132
2654
9424
3778
188
9130
4502
6256
1124
6756
8244
5578
1904
5932
9450
3206
6122
5048
1238
2718
7930
7456
5950
2914
7686
2484
690
454
3492
8724
7060
2970
6714
1422
2094
1512
3976
3530
5242
9012
2424
3192
3434
8190
3440
8658
4556
760
4
8410
6054
6762
9730
3886
1118
1306
232
7936
5724
9616
48
806
8142
5018
7520
9102
144
596
4352
2938
9142
3540
4396
6626
82
3766
182
6434
3916
8318
6352
1884
2042
4452
4208
7530
8626
5102
2626
4502
6334
9350
2608
8094
362
1360
4720
2852
5584
7316
6280
9726
6352
6444
9106
1934
6618
3220
4134
178
6110
4120
1872
5376
4376
66
1486
6980
5044
2660
2466
9098
5854
9352
6594
7282
48
9478
8742
1250
3756
8358
3868
5048
714
932
6646
426
5378
2944
6166
5004
602
6178
6620
9704
1730
6490
8998
6038
9074
7226
4846
1352
3764
714
3842
2928
5672
1204
1824
2910
1378
8008
4096
1298
380
9576
5262
7860
252
4976
3372
6598
1768
4054
1294
4410
7774
3970
3332
3214
3716
2104
5036
3212
6990
7336
8784
7196
7936
4666
3600
5566
2610
758
9944
8562
2494
9792
2174
8420
3956
2244
3066
2336
3244
3978
3236
94
6930
9242
578
6820
7478
8222
8654
8386
1762
1558
5628
5388
1710
9908
8246
5778
9510
2534
548
4742
1192
258
880
5710
3524
2472
6588
1914
2406
1168
8940
7922
1890
3806
4598
3566
594
2050
6504
9658
2844
8598
5552
5876
464
1528
6336
644
3670
8104
6766
4318
8378
2700
142
6360
1456
6424
8350
8680
7342
5632
5212
8494
5144
5840
1418
2332
2072
466
7068
5394
9896
7944
2962
3190
1368
104
6876
6364
158
6358
6934
2286
3268
9226
1830
1268
2240
4818
648
7212
7598
9328
4208
8054
7162
560
3232
8254
2272
9502
3834
3590
4442
1628
9848
624
2900
2794
4822
2740
8734
5800
7766
1136
3482
2836
3392
6628
4778
8620
7590
4780
2026
7248
8476
3792
1714
2084
7960
2346
192
1850
1848
3684
4594
2008
4328
5194
2620
1560
946
9768
1852
578
6890
5750
9554
7202
9266
8652
7586
5568
4894
7806
7288
2562
7034
3840
8240
922
8156
7866
4096
9938
8472
7780
8544
872
6652
5564
8962
3244
9044
94
4204
9994
1320
6734
4500
4198
1522
8500
4056
1186
4138
8812
356
5276
7088
3658
3958
8152
5144
5622
8400
386
9550
8406
9506
7064
6316
7344
7940
288
2766
4504
3330
522
5450
1762
2568
1786
4848
5222
5706
5894
58
6660
9760
1096
3704
2740
9140
3360
6186
7854
1598
4570
8584
2504
3046
838
1224
8662
6950
4646
228
9300
3064
8164
264
9848
8088
7580
9072
4664
6046
814
4628
2916
3522
7574
7664
5836
720
5280
8038
5206
3746
3728
7204
9452
7038
1740
2082
9756
8730
7628
9830
5520
4460
5924
3864
8898
9180
9658
3426
6146
9758
8776
3178
2672
1186
4316
4906
5972
6966
8414
1246
4312
2694
4228
7306
8468
442
1618
6594
7850
7420
2968
9620
8526
4724
1276
8474
6864
5332
1560
4280
7248
1098
5802
7472
1216
4454
5812
2414
5964
7532
6072
1916
7612
6272
2062
1946
2672
3632
2016
4966
1866
3906
9314
4000
3364
8860
9804
9124
374
5606
3120
4884
8588
2436
7286
3816
9848
2784
4760
6644
6262
538
8866
5166
9774
5504
184
982
1926
6132
6290
2484
6912
4620
1434
1770
8010
82
9744
450
5898
1598
1356
4988
3572
6676
6140
6388
9600
3564
402
3110
4062
2572
6188
5792
5376
5620
3358
6794
9396
8436
1246
4104
2196
9490
5750
7974
4308
3966
3556
1418
2824
3382
7808
6348
7868
2552
8302
9772
9338
1216
6770
4314
7708
8640
9084
8430
5350
2832
3776
3610
4742
5696
4686
