4225
3921
3177
9007
5427
8479
5787
6943
1623
2157
187
4815
4541
8567
9789
6905
6317
9519
3623
9135
9899
1817
8539
1465
927
57
439
7595
8781
3867
5341
9757
1729
1247
7123
9039
1943
9187
9603
7035
8713
3553
841
5
1813
1807
843
7975
4263
3365
4761
1867
4227
9361
1221
4351
7359
2831
9545
3235
8939
3223
867
2987
7237
5099
9857
3915
6721
9981
7349
9439
6487
1289
6273
603
5413
3241
6451
6375
1227
5465
941
5021
2857
1877
4395
2645
3959
5687
6233
1809
5113
9899
4229
3341
7087
3611
6339
2249
1167
7095
7143
6005
671
8553
4123
7033
4307
4863
4861
7687
2309
5255
7085
3273
5655
3941
2345
1477
9689
7777
1583
377
6127
3333
1417
8787
8919
1197
7515
2871
4979
567
1473
2527
519
7179
7113
549
4459
4155
7565
3985
9593
7755
6115
2431
9221
7911
4349
7945
1507
609
8353
51
8987
2279
4515
3443
1397
3143
711
5411
7341
667
9139
6985
7813
9955
5471
3425
9587
983
411
7689
2663
3467
7403
8635
819
1561
865
5091
4325
1349
8345
3963
7751
2935
8943
3209
9543
9469
9681
9287
8201
9241
4301
7291
3667
7303
1193
6081
7707
8801
7009
8601
5351
2457
3721
8455
973
1491
8743
8347
2715
2563
1459
2127
7101
2801
7063
1751
7699
4377
9753
8001
5535
2935
6867
2461
7075
9897
9701
3077
9599
3181
2229
7677
2513
4741
7731
9505
1619
7679
1557
7045
3485
515
4191
1277
5463
7845
8817
2285
1929
7059
4939
7275
5899
6315
5973
7883
1107
5833
4529
4105
9031
533
2519
829
1791
2965
7845
609
5353
3517
3269
649
1551
9753
3437
5263
3289
8249
7237
3341
5249
765
8407
3189
2371
4175
7551
6937
9823
1219
6975
7877
7385
4807
9063
7983
7533
5361
5143
1359
5479
7933
395
5581
979
7321
9429
1359
65
843
3039
5733
1763
4379
1791
617
1711
641
1271
4059
4417
1259
563
8217
1491
9531
7813
3783
2207
7701
2069
933
2797
6441
8953
7115
8897
2599
613
2397
6849
3671
7655
8073
25
9715
845
2267
3385
5869
5453
6307
7485
9249
275
1835
8683
2613
8097
8631
7359
5909
4003
3583
3833
2895
2207
6563
6097
7625
915
9505
7065
331
2583
631
9299
5687
9409
3889
3577
4105
5215
7621
8251
7349
6439
6061
1103
7195
3783
2093
7843
1695
6927
5665
4409
7393
7045
6509
6821
4301
741
1919
6799
333
6655
4893
8893
413
311
1387
6643
6007
2317
7565
8515
6573
1347
793
5003
5189
3215
8991
1303
7307
2575
2785
3465
5187
5035
8753
3055
7347
8553
8995
3961
3587
5431
8379
6987
7743
9995
2001
4057
9103
5183
6937
1591
9223
1441
1831
7229
6033
9525
5351
8849
2283
6899
3399
6459
3921
4631
6143
555
1279
7751
9393
8761
9391
7565
7071
7791
2069
7711
1097
7795
3517
1925
9901
1017
4201
5575
8347
5441
3243
6139
7661
5523
587
383
7569
9265
9515
3643
665
3575
229
3321
1417
4891
7683
9099
139
4631
691
6995
6823
2697
9379
8941
6351
2321
3747
2339
1881
6731
9497
1641
9557
6991
9365
8415
6503
8373
4211
8015
8373
373
2197
4483
6399
521
4333
9927
9295
2991
5749
7767
3463
3143
7877
9483
2207
9159
6695
7155
3325
7103
4989
1943
7563
4919
7115
6395
6707
4957
8245
2463
8451
3971
475
399
6765
9687
9229
8055
907
5403
8879
8423
341
9209
7173
5759
7487
3259
651
347
5661
3945
4087
5645
7533
7143
2371
9673
2899
4495
1885
3611
6997
6157
9801
4585
7797
7485
4045
1709
8367
7563
4079
1141
3241
873
4711
1581
6143
5899
7747
4101
3213
3829
493
5125
4987
2765
8963
6409
1067
8847
2515
9331
6829
1479
8525
6761
1791
7215
9589
3503
2275
4613
8741
3639
9885
6181
3363
4873
4919
1591
1579
6183
4573
7193
9585
1425
4023
9763
5373
5419
5925
849
2347
363
425
9947
6821
8041
5595
1873
2961
7029
2605
377
4499
2711
9901
3859
243
7995
9691
9251
3633
7139
2339
2245
7983
6945
7101
3669
8925
1669
2451
131
2593
385
5819
9315
1589
5499
5667
4893
3621
7271
5837
4879
2219
5947
229
8917
3639
1283
1979
2097
6469
4379
681
945
7039
6793
105
1339
5529
5169
2925
4693
1845
7415
9031
8789
6785
9961
1473
1803
3179
4409
6807
8325
8065
8059
8561
3927
9341
4985
4915
6021
9241
3589
1647
4813
5305
859
9827
3763
1205
3581
7885
7937
1731
3
8885
3473
3493
9409
477
2031
2017
1881
4739
8537
7491
2603
4657
6641
4679
7731
4319
4145
8565
4381
485
4287
653
6077
5077
5505
9889
6249
6399
5899
6591
1403
4779
1969
5161
6339
5155
4771
6305
4997
6535
8721
7535
1251
8979
3731
4829
4187
6173
4671
1837
7853
8813
8213
8243
6401
4927
2913
1947
5025
9529
3225
719
1555
8393
359
859
5319
6135
453
5853
5221
4029
341
5401
6885
6131
9791
2541
9509
3597
9821
4495
6507
4301
8469
463
4405
9843
6533
8341
7151
9827
2095
5569
4405
8923
9189
1721
813
9179
9705
1925
2293
6379
7671
4955
8975
8815
3267
4531
5687
1695
8209
4849
451
853
7353
2655
7529
105
3279
8845
4909
4653
4155
755
5995
9919
8513
3593
1589
6567
1349
41
1479
377
585
9891
973
7793
8861
2009
2049
5091
3343
1603
2637
9541
6957
31
505
2951
2561
131
881
2545
3809
7829
3609
3599
6659
3119
4913
4083
857
857
4971
6209
8283
47
4511
5901
8891
457
6235
987
8105
8039
8061
349
3821
8043
3407
4399
775
5147
8487
7417
1761
2125
4171
2161
7667
8323
2633
5595
8827
6597
9823
9129
9171
3153
8647
4665
6981
3049
7063
3497
9903
5769
8753
8039
8989
173
6257
4975
7231
5629
2171
1897
43
2911
9461
9851
4675
9335
769
1335
4341
5807
7291
5703
7305
4759
4459
2165
9967
7843
8375
3735
9089
6401
6139
5647
2681
1359
5067
4529
393
5685
511
9729
193
1791
1091
685
9623
9249
7143
4799
4839
9421
1
5659
1051
5847
2143
4035
7235
6941
7797
9711
3853
7575
3445
255
9603
1627
4007
9843
7021
793
5629
5273
3639
5639
8245
9761
5255
3765
867
4551
8241
4363
3099
5003
1821
9369
329
6515
3817
1289
9743
8823
8137
819
1065
4303
5583
6861
3597
2571
2931
5479
4883
3891
6365
3311
2137
2875
1271
8029
7969
4205
9569
7243
9221
439
6403
2823
9665
8493
1091
6233
8255
6717
9899
2605
3937
305
2543
5909
5703
9245
5587
9617
521
2091
5437
6819
8117
4589
5101
5289
3823
7275
3309
1153
1819
8413
1081
821
9837
1239
5949
7367
5999
5381
7915
8107
6831
8449
7649
2699
3579
4495
6675
481
9093
1113
4541
3131
8931
319
7791
6543
7959
5889
6923
37
8291
579
6645
7227
4833
1599
6647
5813
9573
4597
4071
3425
9427
4203
6995
8541
2517
8139
1417
379
6259
9079
4587
6819
3487
4607
3681
697
2109
5671
165
9317
4277
1911
2129
6313
9303
3881
2901
2563
3669
5707
3315
363
7717
8615
6649
8971
5803
1187
8413
6745
2283
1103
5145
5603
8069
8929
3573
5107
7719
6271
4567
565
4127
7259
3455
6199
2305
7873
1707
2669
7485
4611
9881
2377
8237
2125
5159
671
1065
2869
5663
4713
9885
3685
6179
6973
2861
8977
275
2977
5337
2751
6921
4875
8799
2551
8185
9767
1967
2851
5027
6141
4517
6753
3523
9427
4717
9699
1127
8657
9053
4957
35
4085
311
2507
7145
6771
4971
5201
4907
4463
2969
4793
3087
1919
5295
369
7891
8379
907
517
6625
7247
2513
6845
6857
2341
61
4705
35
7965
5713
7433
527
9263
2607
8755
2475
235
6673
8419
5503
3299
4385
2695
5795
979
1749
5719
2245
8181
1593
4593
5643
1103
8325
6661
3921
6897
2813
9455
7171
2011
6195
3161
9231
5453
9025
4681
6171
117
5073
4221
295
7945
6689
8425
9691
9849
3407
3257
4157
5047
5947
417
779
3383
2387
8241
6213
6719
3489
2939
7675
3781
3705
8381
2725
5811
5149
3169
4039
5443
9979
9359
6581
581
7927
9013
6277
8403
749
9975
8063
2779
8705
6205
5395
9559
5295
9689
8307
8343
9091
4457
5311
2591
3229
7479
4011
8991
4395
587
5971
9495
4153
4879
9575
2103
2269
9785
5667
3189
3693
2769
3185
5307
4971
2839
607
9471
2537
4673
2257
6301
4789
6203
4913
7829
1743
5981
9701
4109
5311
8925
9545
4377
4621
4357
7539
3555
2309
9749
2087
6719
7959
5963
7351
6723
5661
1735
9985
2673
273
8631
7267
5735
5765
749
275
1403
1371
6543
9983
9681
5561
243
8553
805
6635
5545
6819
9637
275
7407
9199
7083
9333
9675
159
5581
1245
1925
3395
9567
6803
2985
8425
5451
601
9657
5903
6459
113
5821
639
6261
8021
309
4415
4241
5495
277
6321
9253
9185
4303
6789
3691
3993
3809
2569
3839
999
7793
4557
4161
3617
2699
4253
613
1583
1857
1903
8625
927
3339
7483
8377
4945
2305
6021
261
7875
8045
9247
5685
7001
8165
4791
4499
5017
5035
8183
9611
2567
3083
6747
8427
3007
9857
2281
5117
3499
9345
6957
9597
4773
9761
8291
6477
1161
7303
3653
7205
4491
2445
1057
7697
2007
4509
5799
5685
8945
767
6529
9925
8507
969
7507
219
4253
663
3361
3637
1439
3293
5755
131
8247
2129
2591
5559
3283
2723
9157
2639
1039
3235
4725
8465
8669
3989
117
5457
2237
8207
5545
2867
6427
9395
8145
6217
8543
8489
9109
61
4443
6089
3103
1477
1229
6755
3189
2389
1691
1153
4259
2667
1017
3461
2471
4417
7507
3993
3303
3377
6341
5673
7939
7549
2771
497
8829
2695
6967
2801
1897
1921
5389
1513
9773
9565
4113
2405
2783
1795
4845
5963
7445
5067
7905
3915
8791
7109
2557
5019
9681
8617
5391
667
8745
9725
9809
1433
5189
6197
4711
5659
2801
6981
8637
8691
4285
1433
3895
1419
1971
2419
2291
4365
4667
8739
965
7605
623
7695
7363
8315
6709
1039
5065
3511
1779
1121
7885
8363
7075
1753
241
5051
4925
5521
9349
6543
8783
4293
5251
6071
3599
9275
7867
7901
4131
2403
1871
4859
3511
3477
7671
3073
5851
1537
9589
1093
7145
3771
9845
7875
3377
7965
5407
2401
2855
7385
5373
4605
5107
4593
5177
2571
8231
8173
4431
7421
5937
2933
5751
9565
1367
1763
3389
9527
3175
4517
3715
5951
6197
3045
1415
4043
773
89
5193
4065
2859
6727
6257
4703
3297
8105
815
555
8531
6881
1785
4341
5791
897
503
7739
6605
6675
167
8205
2933
8541
9373
8695
3037
9395
4073
5313
4641
9439
7881
6727
9099
8789
4991
1929
4871
1159
6997
5481
2251
5915
7233
6349
2379
3151
783
7131
5003
5269
4067
1609
6835
1025
2481
7189
8205
533
7975
1801
2459
5
6699
7107
3157
9979
2819
8443
5957
4441
3049
789
3781
2641
4925
6453
5823
9441
1349
7415
2177
1791
8907
7225
6091
7247
3631
1235
8639
5565
5579
3873
